# Created by Octave 4.2.1, Tue Mar 05 17:40:54 2019 CET <adtenla@EVIRL-019-OK>
# name: invsubmatrizmas1
# type: matrix
# rows: 2
# columns: 2
 -0.4047619047619049 0.07142857142857145
 1.547619047619048 -0.2142857142857143


